,Predicted,Actual
3245,0,0
944,0,0
1044,0,0
2484,0,0
812,0,0
2973,0,0
2991,0,0
2942,0,0
230,0,0
1181,0,0
1912,0,0
1992,0,0
5435,0,0
4805,0,0
401,1,1
1859,0,0
1344,0,0
2952,0,0
501,0,0
3337,0,0
1945,0,0
3142,0,0
2422,0,0
381,0,0
5567,1,1
4937,0,0
79,0,0
5240,0,0
2554,0,0
5345,0,0
4379,0,0
4789,0,0
683,0,0
5519,0,0
4315,0,0
393,0,0
5541,0,0
4546,0,0
3599,0,0
2225,0,0
881,1,1
4625,0,0
3997,0,0
5015,0,0
23,0,0
4479,0,0
1215,0,0
1961,0,1
5339,0,0
848,0,0
4294,0,0
2664,1,1
3407,0,0
351,0,0
3492,0,0
3103,0,0
3315,0,0
1881,0,0
3504,0,0
2380,0,0
1598,1,1
4733,0,0
3299,1,1
439,0,0
2903,0,0
1186,0,0
1728,0,0
3975,0,0
3050,0,0
1128,0,0
4500,1,1
315,0,0
296,1,1
3298,1,1
3864,0,1
8,1,1
5003,0,0
2968,0,0
5194,0,0
2157,0,0
3669,0,0
4730,0,0
5349,0,0
2388,0,0
2575,0,1
4085,0,0
4328,0,0
3467,0,0
2245,0,0
4269,0,0
33,0,0
1281,0,0
5145,0,0
2598,0,0
3532,0,0
1253,0,0
4707,0,0
2658,0,0
3479,0,0
4483,0,0
4700,0,0
3116,0,0
3785,0,0
3547,0,0
1039,0,0
3859,0,0
4383,0,0
3403,0,0
3710,0,0
1643,0,0
1055,0,0
1817,0,0
2780,0,0
290,0,0
2972,0,0
319,1,1
1467,0,0
1335,0,0
1419,0,0
3548,0,1
4388,0,0
5156,0,0
2462,0,0
3494,0,0
5209,0,0
964,0,0
553,0,0
2932,0,0
2801,0,0
5178,1,1
3872,0,0
2841,0,0
1033,0,0
2231,0,0
809,0,0
538,0,0
4121,0,0
1103,0,0
346,0,0
3318,0,0
4738,0,0
1870,0,0
696,0,0
4160,0,0
2536,0,0
2650,0,0
4808,1,1
5022,0,0
544,0,0
1632,0,0
4713,0,0
1533,0,0
3295,0,0
2384,0,0
2726,0,0
5128,0,0
3328,0,0
4050,0,0
3307,0,0
2067,0,0
2402,0,1
2317,0,0
3559,0,0
2022,0,0
4323,0,0
3889,0,0
4527,0,1
15,1,1
5259,0,0
3257,0,0
2357,0,0
3543,0,0
4677,0,0
3803,0,0
4472,0,0
3112,0,0
2995,0,0
3484,0,0
4536,0,0
84,0,0
2487,0,0
3703,0,0
3966,0,0
2927,0,0
2101,0,0
4253,0,0
3535,0,0
4402,0,0
168,0,0
1173,0,0
530,0,0
4022,0,0
2576,0,0
3689,0,0
1924,0,0
4071,0,0
1334,0,0
838,0,0
5210,0,0
5558,0,0
4352,0,0
2347,0,0
5493,0,0
3820,0,0
5549,0,0
426,0,0
3366,0,0
4999,0,0
418,1,1
4892,0,0
3074,0,0
5250,1,1
2527,0,0
2210,0,0
4623,0,0
2795,0,0
373,0,0
3660,0,0
1199,0,0
4427,0,0
5498,0,0
2312,1,1
5125,0,0
3933,0,0
1049,0,0
3979,0,0
3455,0,0
132,0,0
468,0,0
5263,0,0
80,0,0
1219,0,0
2488,0,0
5415,0,0
2663,0,1
297,0,0
4602,1,1
1094,0,0
3468,1,1
577,0,0
5164,1,1
1261,0,0
1879,0,0
3433,1,1
4883,0,0
2714,0,0
1410,0,0
3570,0,0
3158,0,0
1504,0,0
5444,0,0
167,1,1
1837,0,0
5406,0,0
4920,0,0
1557,0,0
5204,0,0
764,0,0
5031,0,0
422,1,1
1022,0,1
4369,0,0
3199,0,0
1779,0,0
1412,0,0
4184,0,0
1305,0,0
3552,0,0
4539,0,0
2341,0,0
5561,0,0
5155,0,0
751,0,1
893,0,0
1966,0,0
1612,0,0
2746,0,0
584,0,0
1873,0,0
279,0,0
135,1,1
1562,0,0
2905,0,0
5127,0,0
1158,0,0
3615,0,0
4601,0,0
2364,1,1
2858,0,0
3043,0,0
2034,0,0
4376,1,1
2264,0,1
3197,0,0
1558,0,0
865,0,0
747,0,0
2480,1,1
1586,0,0
121,1,1
324,0,0
4956,0,0
1074,0,0
925,0,0
877,0,0
4331,0,0
589,0,0
333,1,1
896,0,0
2753,0,0
3515,0,0
1513,0,0
5397,0,0
2086,0,0
4048,1,1
5332,0,0
3208,0,0
2789,0,0
5341,0,0
1505,0,0
4816,0,0
5289,0,0
534,0,0
2775,0,0
3463,0,1
2366,0,0
240,0,1
2805,0,0
4418,0,0
3886,0,0
2110,0,0
5174,0,0
5507,0,0
5114,0,0
1370,0,0
2059,0,0
3655,0,0
3247,0,0
1942,1,1
2877,0,0
4588,0,0
1934,0,0
5142,0,0
3873,0,0
4652,0,1
1694,0,0
794,0,0
1361,0,0
1666,0,0
4853,0,0
1392,0,0
208,0,0
3077,0,0
1703,0,0
2822,0,0
248,0,0
1580,0,0
598,1,1
4524,0,0
3539,0,0
2236,0,0
5086,0,0
2985,0,0
1212,0,0
712,0,0
1086,0,0
453,0,0
3728,0,0
889,0,0
1937,0,0
102,0,0
4922,0,0
1231,0,0
4333,0,0
2550,0,0
3311,0,0
107,0,0
3414,0,0
29,0,0
3945,0,0
4490,0,0
4818,0,0
1400,0,0
239,0,0
5270,0,0
2329,0,0
2471,0,0
3181,0,0
2284,0,0
5506,0,0
737,0,0
4228,0,0
2721,0,0
4410,1,1
2495,0,0
3562,1,1
465,0,0
1268,0,0
2440,0,0
1297,0,0
199,0,0
4368,0,0
1564,0,0
4274,0,0
5072,0,0
5076,1,1
3722,0,0
2727,0,0
2313,0,1
3113,0,0
3816,0,0
2997,0,0
3195,0,0
3542,0,0
1224,0,0
4435,0,0
2252,0,0
5198,0,0
5207,0,0
3994,0,0
4876,0,0
3384,0,0
3603,0,0
4013,0,0
2277,0,0
4357,0,0
763,1,1
1760,0,0
1520,0,0
4280,1,1
293,0,0
371,0,0
5227,0,0
2759,0,0
1057,0,0
977,0,0
879,0,1
1038,0,0
626,0,0
157,0,0
65,1,1
4161,0,0
245,0,0
996,0,0
367,1,1
2232,0,0
3678,0,0
3469,0,0
730,0,0
5193,0,0
2842,0,0
3897,1,1
1786,0,0
1561,0,0
3725,1,1
599,0,0
3958,0,0
5026,0,0
5038,0,0
5307,0,0
681,0,0
1126,0,1
1835,0,0
2052,0,0
2330,0,0
1941,0,0
151,0,0
2673,0,0
1539,0,0
5182,0,0
4047,1,1
447,0,0
3405,0,0
5167,0,0
3793,0,0
810,0,0
3662,0,0
2531,0,0
4152,0,0
1620,0,0
1471,0,0
576,1,1
2447,0,0
711,0,0
829,0,0
5434,0,0
625,0,0
5350,0,0
1630,0,0
3164,1,1
4874,0,0
410,0,0
491,0,0
5262,0,0
4879,1,1
5480,0,0
4665,0,0
471,1,1
1732,0,0
3912,0,0
2118,0,0
3362,0,0
1720,0,0
2080,0,0
3593,0,0
425,0,0
4908,0,0
2195,0,0
1877,0,0
2760,0,0
1957,0,0
1665,0,0
2732,0,0
251,0,0
5530,0,0
3592,0,0
3892,0,0
3946,0,0
227,0,1
4586,0,1
3207,0,0
1684,0,0
2662,0,0
605,0,0
926,0,0
624,0,0
2083,0,0
4271,0,0
3288,0,0
292,0,0
3885,0,1
3846,0,0
4537,0,0
4074,0,0
1491,0,0
555,0,0
1095,0,0
1255,0,0
5171,0,0
5526,1,1
3256,0,0
611,1,1
994,0,0
2053,1,1
1888,1,1
907,1,1
705,0,0
1813,0,0
2387,0,0
655,0,0
3755,0,1
3014,1,1
505,1,1
3586,0,0
4686,0,0
4046,0,0
2836,0,0
4913,0,0
3130,0,0
106,0,0
4697,0,0
856,0,1
3454,0,0
2095,1,1
800,0,0
5181,0,0
4239,0,0
4417,0,0
1545,0,0
1046,0,0
3948,0,0
1323,0,0
4661,0,0
416,0,0
1606,0,0
4339,0,0
4574,1,1
478,0,0
2369,0,0
179,0,0
4806,0,0
4644,0,0
5565,0,0
5317,0,0
1117,0,0
2954,1,1
903,0,0
4110,0,0
497,0,0
724,0,0
2534,0,0
776,0,0
3576,0,0
1566,0,0
472,0,0
3612,0,0
3194,0,0
4861,0,0
3321,0,0
473,0,0
3822,0,0
1862,0,0
1614,0,0
1197,0,0
4494,0,0
3438,0,0
272,0,0
4900,0,0
336,0,0
4147,0,0
748,1,1
1073,1,1
2417,0,0
2233,0,0
4340,0,0
5274,0,0
486,0,0
2670,1,1
286,0,0
4585,0,0
3017,0,0
5111,0,0
254,0,0
3361,0,0
4321,0,0
1188,0,0
3000,0,0
2749,0,0
4881,0,0
5103,0,0
4732,0,0
3276,0,0
2167,0,0
2571,0,0
1235,0,0
3360,0,1
3790,0,0
3402,0,0
1448,0,0
3106,0,0
4904,0,0
2803,0,0
3450,0,0
1839,1,1
1611,0,0
4288,0,0
1242,0,0
4077,1,1
3520,0,0
3013,0,0
1569,0,0
765,0,0
4296,1,1
2276,0,0
5474,0,0
3903,0,0
228,0,0
2996,0,0
4916,0,0
3712,0,0
1752,0,0
691,0,0
17,0,0
4532,0,0
4431,0,0
1658,0,0
443,0,0
2970,0,0
37,0,0
1468,0,0
2723,0,0
3779,0,0
2131,0,0
1411,0,0
2314,0,0
4663,0,0
2306,0,0
2370,0,0
4506,0,1
5036,0,0
5450,0,0
2767,1,1
5363,0,0
2213,0,0
3410,0,0
5479,0,0
88,0,0
5275,0,0
4437,0,0
4515,0,0
3580,0,0
787,0,0
4971,0,0
4428,0,0
4122,0,0
144,0,0
4961,0,0
5261,0,0
3411,0,0
4615,0,0
3309,0,0
1420,0,0
3185,0,0
3089,0,0
485,0,0
734,0,0
1831,0,0
5081,0,0
2497,0,0
1822,0,0
5255,0,0
1121,0,0
5543,0,0
4351,0,0
1032,0,0
4292,0,0
5488,0,0
807,0,0
3887,0,0
4457,0,0
4923,0,0
1747,0,0
100,0,0
3832,0,0
5028,1,1
2755,0,0
5124,0,0
3751,0,0
1717,0,0
3706,0,0
5060,1,1
5366,0,1
5534,0,0
1669,0,0
1509,0,0
109,0,0
4520,0,0
2463,0,0
4684,0,0
2072,0,0
2406,0,0
5037,0,1
1650,0,0
1047,0,0
4347,0,0
2570,0,0
3429,0,0
1432,0,0
5344,0,0
5239,0,0
3393,0,0
4182,0,0
1397,0,0
3153,1,1
1738,0,0
3571,1,1
1075,0,0
3813,0,0
4734,0,0
308,0,0
742,0,0
5483,0,0
3443,1,1
3033,0,0
1025,0,0
4251,0,0
2519,0,0
4993,0,0
3827,0,0
2351,0,0
1084,0,0
1330,0,0
233,0,0
3425,0,1
2477,0,0
1319,0,0
5465,0,0
4651,0,0
1244,0,0
1421,0,0
4371,1,1
1617,0,0
1002,1,1
44,0,0
1718,1,1
746,0,0
5044,0,0
438,0,0
1615,0,0
4246,0,0
4854,0,0
3262,0,0
811,0,0
4155,0,0
4578,1,1
2770,0,1
149,0,0
586,0,0
5222,0,0
437,0,0
5293,0,0
12,1,1
93,1,1
5283,0,0
183,0,0
1485,0,0
642,0,0
4705,0,0
2244,0,0
1071,0,0
1220,0,0
2549,0,0
3752,0,0
2228,0,0
1315,0,0
5141,1,1
4584,1,1
2826,1,1
1498,0,0
2642,1,1
1894,0,0
653,0,0
429,0,0
4385,0,0
1168,0,0
1702,0,0
1183,0,0
4526,0,0
5451,0,0
915,0,0
1536,1,1
259,1,1
63,0,0
5410,0,0
2865,0,0
4336,0,0
4909,0,0
3733,0,0
2087,0,0
3378,0,0
4003,0,0
1544,1,1
2886,0,0
2819,0,0
721,0,0
693,0,0
1209,0,0
5230,0,0
4955,0,0
287,0,0
4024,0,0
3857,0,0
5161,0,0
5453,0,0
3317,0,0
1755,0,0
2585,0,0
561,0,0
2458,0,0
5109,0,0
1543,0,0
4581,0,0
5380,0,0
1436,0,0
969,0,0
2615,0,0
2951,0,0
2273,0,0
2594,0,0
210,0,0
47,0,0
3163,0,0
2153,0,0
911,0,0
1743,0,0
1176,0,0
2187,0,0
4609,0,0
2263,0,0
1115,0,0
2834,1,1
4051,0,0
4355,1,1
1101,0,0
2879,0,1
1773,0,0
2846,0,0
1672,0,0
2646,0,0
5388,0,0
354,0,0
2589,0,0
1892,0,0
932,0,0
4640,0,0
2287,0,0
5459,0,0
2029,0,0
5089,0,0
1654,0,0
414,0,0
1393,0,0
4708,0,0
3214,0,0
4618,0,0
3626,0,0
2124,1,1
2328,1,1
3334,1,1
1844,0,0
1223,0,0
2445,0,0
4129,0,0
252,0,0
3753,0,0
654,0,0
350,0,0
5423,0,0
3740,0,0
2201,0,0
4378,0,0
457,0,0
3434,0,0
978,0,0
90,0,0
798,0,0
3340,0,0
5120,1,1
3767,0,0
26,0,0
952,0,0
549,0,0
3497,0,0
1477,0,0
181,0,0
1292,0,0
263,0,0
2835,0,0
2321,0,0
2640,0,0
4841,1,1
4459,0,0
2561,0,0
3200,0,0
2654,0,0
5149,0,0
4211,0,0
5054,0,0
3128,0,0
4796,0,0
3095,0,0
4845,1,1
3632,0,0
2742,1,1
3711,0,0
5177,0,0
4591,0,0
1526,0,0
4108,1,1
1988,0,0
2486,0,0
2518,0,0
4250,0,0
69,0,0
4080,0,0
3718,0,0
676,0,0
5469,0,0
5470,0,0
1890,0,0
2899,0,0
203,0,0
3575,0,0
2669,1,1
339,0,0
4407,1,1
4092,0,0
2121,0,0
479,0,0
387,0,0
1020,0,0
4343,0,0
2133,1,1
3891,1,1
1729,0,0
3227,0,0
1350,1,1
4004,0,0
3082,0,0
5502,0,0
3094,0,0
4951,0,0
2603,0,0
3758,0,1
4878,0,0
2100,1,1
3995,0,0
2436,0,0
221,0,0
5055,1,1
677,0,0
1144,0,0
1374,0,1
1599,0,0
805,0,0
61,0,0
1090,0,0
3819,1,1
4005,0,0
3135,0,0
1438,0,0
1652,0,0
4295,1,1
4403,0,0
5140,0,0
177,0,0
4470,0,0
2456,0,0
5400,0,0
4039,0,0
5446,0,0
4081,0,0
5457,0,0
4516,0,0
2515,0,0
733,0,0
3217,1,1
4709,0,0
2677,0,0
527,1,1
3616,0,0
1874,1,1
1593,0,0
1425,0,0
4837,0,0
803,1,1
4950,0,0
1097,1,1
2107,0,0
2473,1,1
4350,0,0
1129,1,1
219,0,0
4608,0,0
582,0,0
2750,0,0
43,0,0
1175,0,0
5420,0,0
3901,0,0
4886,0,0
718,0,0
4010,0,0
670,0,0
3400,0,0
3211,0,0
1514,0,0
2944,0,0
95,1,1
1770,0,0
842,0,0
1321,0,0
4666,0,0
4629,1,1
2481,1,1
1962,0,0
2963,0,0
2348,0,0
322,0,0
4008,0,0
4905,0,0
5063,0,0
334,0,0
2873,0,0
3537,0,0
833,1,1
3080,0,0
4810,0,0
3529,1,1
2465,0,0
3880,0,0
731,0,1
291,0,0
184,0,0
2377,0,0
2641,0,0
1407,1,1
533,0,0
3904,0,0
3858,0,0
1595,0,0
4903,1,1
657,0,0
4674,0,0
3002,1,1
5371,0,0
2259,0,0
898,0,0
428,0,0
3641,0,0
2191,0,0
1483,0,0
1699,1,1
2135,0,0
1789,0,0
1163,1,1
1193,0,0
2941,0,1
1553,0,0
2138,0,0
4264,0,0
2439,0,0
5556,0,0
4205,0,0
4293,0,0
1978,1,1
3989,0,0
3935,0,0
4078,0,0
4086,1,1
4919,0,0
2268,0,0
4696,1,1
3653,0,0
70,0,0
4467,0,0
2418,0,0
2623,0,0
1272,0,0
1454,0,0
831,1,1
5082,0,0
1893,0,1
3269,0,0
238,0,0
5426,0,0
4867,0,0
3435,0,0
5542,0,0
1295,0,0
2998,0,0
1001,0,0
1512,0,0
4370,0,0
3458,0,0
2350,0,0
957,0,0
2229,0,0
4301,0,0
2240,0,0
1437,0,0
5351,0,0
1876,1,1
2094,1,1
2655,0,0
3482,0,0
1034,0,0
4764,0,0
931,0,0
5087,0,0
2902,1,1
633,0,0
2451,0,0
498,0,0
4935,0,0
415,1,1
2698,0,0
2855,0,0
3727,0,0
1426,0,0
757,0,0
1194,1,1
1041,0,0
1777,1,1
2572,0,0
2699,0,1
2168,0,0
596,0,0
1919,0,0
2763,0,0
2807,0,0
652,0,0
5151,0,0
3024,0,0
3271,0,0
4113,0,0
1406,0,0
1618,0,0
75,0,0
1964,0,0
3336,0,0
3842,0,0
5358,0,0
4510,0,0
2410,0,0
2988,0,0
2164,0,0
3085,0,0
1010,0,0
1029,0,0
1745,1,1
828,0,0
1345,0,0
96,0,0
3807,1,1
4279,0,0
2977,0,0
1200,0,0
621,0,0
566,0,0
543,0,0
4100,0,0
51,0,0
4820,0,0
3039,0,0
745,0,0
3940,0,0
1480,0,0
5314,1,1
195,0,0
2559,0,0
1302,0,0
3297,0,0
802,0,0
3717,0,0
4638,0,0
1322,0,0
3674,0,0
4248,1,1
3611,0,0
4605,0,0
4031,0,0
644,0,0
1488,0,0
4181,0,0
1864,0,0
120,1,1
4486,0,0
3226,0,0
2024,0,0
4482,0,0
4329,1,1
3929,0,0
3656,0,0
3023,0,0
4857,0,0
2815,0,0
134,1,1
3038,0,0
1918,0,0
3456,0,0
4681,0,0
1578,0,0
1788,0,0
511,0,0
62,0,0
3724,0,0
2890,0,0
3372,0,0
3213,0,0
1973,0,0
122,0,0
2298,0,0
3560,1,1
4844,0,0
4722,0,0
1210,0,0
567,0,0
3651,0,0
3942,0,1
864,0,0
4224,0,0
3893,1,1
4443,0,0
1741,1,1
2618,0,0
720,0,0
3349,0,0
2509,0,0
690,0,1
602,0,0
4755,0,0
1756,0,0
1782,0,0
2569,0,0
2170,1,1
4190,0,0
318,0,0
3352,0,0
274,0,0
4797,1,1
4327,0,0
4668,0,0
4375,0,0
1507,0,1
1840,0,0
4387,0,0
5373,0,0
295,0,0
4306,0,0
2694,0,0
298,0,0
68,0,1
736,0,0
5523,0,0
3109,0,0
1550,0,0
150,0,0
756,0,0
1501,0,0
3053,0,0
2957,0,0
2333,0,0
2057,0,0
376,0,0
1499,0,0
859,0,0
1351,0,0
4757,0,0
2916,0,0
378,0,0
3877,0,0
1294,0,0
1379,0,0
2792,0,0
2812,0,0
4690,0,0
3090,0,0
841,0,0
5377,0,1
2042,0,0
175,0,0
4066,0,0
927,0,0
3063,0,0
45,0,0
1260,0,0
1096,0,0
2706,0,0
1902,0,0
4739,0,0
2535,0,0
1030,0,0
1869,0,0
3836,0,0
2197,0,0
283,0,0
2173,1,0
4888,1,1
3210,0,0
4553,0,0
1616,0,0
5452,0,0
4006,0,0
1371,0,0
2683,0,0
4266,0,0
2115,1,1
1907,0,0
2271,0,0
3323,0,0
4759,1,1
1456,1,1
3007,0,0
5080,0,0
257,0,0
507,0,0
3105,0,0
99,0,0
2940,0,0
2004,0,0
5398,0,0
4519,0,0
2209,1,1
1740,0,0
2722,0,0
4127,1,1
4028,0,0
4562,0,0
366,0,0
5065,0,0
5419,0,0
4318,0,0
3132,0,1
949,0,0
2450,0,0
19,0,1
1971,0,0
668,0,0
218,0,0
5536,0,0
1657,0,0
3875,0,0
4281,1,1
585,0,0
4545,0,0
3034,0,0
2758,0,0
777,0,0
2600,0,0
1018,0,0
2182,0,0
2784,0,0
5340,0,0
3909,0,0
1433,0,0
2638,0,0
517,0,1
5348,0,0
1983,0,0
2378,0,1
217,0,0
2627,0,0
5212,0,0
1891,0,0
2910,1,1
2619,0,0
1052,0,0
5378,1,1
759,0,0
3290,1,1
3481,0,0
214,0,0
1600,0,0
3326,0,0
5224,0,0
2611,0,0
2127,0,0
2098,0,0
196,0,0
1554,0,0
2653,0,0
5431,0,0
5318,0,0
1056,0,0
4710,0,0
887,0,0
2006,0,0
4535,0,0
3066,0,0
568,0,0
4043,0,0
3162,0,0
1487,0,0
5237,1,1
139,1,1
4412,0,0
1807,1,1
1149,0,0
2114,0,0
2177,0,0
4783,0,0
463,1,1
2881,1,1
2692,0,0
4639,0,0
594,0,0
4458,0,0
450,0,0
5524,1,1
3770,0,0
5471,0,0
3048,0,0
1921,0,0
1849,0,0
3944,0,0
2304,0,0
1174,0,0
4996,0,0
451,0,0
4687,0,0
3692,0,0
3614,0,0
4194,0,0
3119,0,0
1263,0,1
5218,0,0
999,0,0
3282,0,0
3745,0,0
5219,0,0
1476,0,0
192,0,0
4880,0,0
5021,0,0
4715,0,0
1726,0,0
4706,0,0
5195,0,0
1338,0,0
4772,0,0
4477,0,0
2441,0,0
4885,0,0
1293,0,0
4200,0,1
4667,0,0
2018,0,0
2609,0,0
3279,0,0
3670,0,0
368,1,1
5304,0,0
1151,0,0
4701,1,1
2404,0,0
2144,0,0
3101,0,0
5478,0,0
191,1,1
4850,0,0
108,0,0
5121,0,0
2925,0,0
3346,0,0
1360,0,0
1769,0,0
4856,0,0
5421,0,0
2457,0,0
2218,0,0
3622,0,0
3333,0,0
476,0,0
3694,0,0
4543,0,1
3896,0,0
312,1,1
508,0,0
166,0,0
3381,0,0
4114,0,0
5408,0,0
1024,0,0
1221,1,1
3209,0,0
1119,0,0
3649,0,0
5018,1,1
2103,0,0
2781,0,0
5395,0,0
5099,0,0
4617,0,0
4978,0,0
3589,0,0
1860,0,0
1583,0,0
3658,0,0
152,0,0
2251,0,0
3126,1,1
5569,0,0
2478,0,0
725,0,0
1721,0,0
1503,0,0
3070,0,0
3538,0,0
2215,0,0
5369,0,0
2031,0,0
2303,0,0
31,0,0
1225,1,1
937,0,0
3554,0,0
752,1,1
3679,1,1
309,1,1
4179,0,0
2119,1,1
3856,0,1
3716,0,0
2602,0,0
4002,0,0
495,0,0
1405,0,0
3759,0,0
205,0,0
1434,0,0
1135,0,0
3296,0,0
868,1,1
701,0,0
5383,0,0
305,1,1
4219,0,0
1192,0,0
4396,0,0
2389,0,0
1534,0,0
1061,0,0
843,0,0
3353,0,0
2787,0,0
1538,0,0
211,0,0
1340,0,0
1108,0,0
4346,0,0
679,0,0
5059,0,0
3617,0,0
565,0,0
4466,0,0
1532,0,0
4270,0,0
680,0,0
180,0,0
5187,0,0
2254,0,0
2864,0,0
5269,1,1
278,0,0
1647,0,0
5243,0,0
1204,0,0
1905,0,0
432,0,0
289,0,0
1027,0,0
535,0,0
2751,0,0
993,0,0
1187,0,0
188,1,1
4241,0,0
5414,0,0
4099,0,0
3795,0,0
706,0,0
2104,0,0
270,1,1
2574,1,1
4552,0,0
3049,0,0
2412,0,0
4760,1,1
1832,0,0
4332,0,0
111,0,0
1170,0,0
1391,0,0
4337,0,0
220,0,0
1662,0,0
627,0,0
3545,0,0
2809,0,0
83,0,0
3102,0,0
790,0,0
2476,0,0
461,0,0
4907,0,0
551,0,0
3375,0,0
4020,1,1
3516,0,0
198,0,0
3193,0,0
2857,0,0
402,0,0
3782,0,0
4456,0,0
5308,0,0
2505,0,0
2525,1,1
4975,0,0
650,1,1
4463,0,0
708,0,0
4338,0,0
5029,0,0
4921,0,0
2592,0,0
2275,0,0
1424,0,0
1216,0,0
5211,0,0
4743,0,0
314,0,0
3915,0,0
4434,0,0
1427,0,0
1780,1,1
4988,0,0
113,0,0
960,0,0
4793,0,0
2794,0,0
1114,0,0
4104,0,1
5571,0,0
3749,0,0
3956,0,0
4397,0,0
4168,0,0
5048,0,0
1730,0,0
4314,0,0
3399,0,0
1634,0,0
3437,0,0
1820,0,0
3392,0,0
2689,0,0
4012,1,1
326,0,0
604,0,0
4664,0,0
4049,0,0
4685,0,0
5246,0,0
5310,0,0
4825,0,0
1765,1,1
1858,0,0
1288,0,0
4756,0,0
3536,0,0
3739,0,0
5416,0,0
2337,0,0
348,0,0
2099,0,0
3319,0,0
2728,0,0
789,1,1
1626,0,0
2868,0,0
1871,0,0
3573,0,0
321,0,0
871,0,0
169,0,0
3921,1,1
2517,0,0
2552,0,0
4817,0,0
4374,0,0
5069,0,0
73,0,0
420,0,1
2093,0,0
2002,0,0
3729,0,0
92,0,0
5096,0,0
1623,0,1
1897,0,0
4404,0,0
2776,0,0
5157,0,0
2318,0,0
2309,1,1
3919,0,0
494,0,0
1375,1,1
3874,0,0
2704,0,0
4782,0,0
1164,0,0
4011,1,1
1270,0,0
2311,1,1
2145,0,1
2688,0,0
2292,0,0
618,0,0
4776,0,0
2680,0,1
124,0,0
1886,0,0
2981,0,0
2223,0,0
3661,0,0
3431,0,0
5085,0,0
4953,1,1
4166,1,1
869,0,1
3358,0,0
1042,0,0
2025,0,0
3664,0,0
356,0,0
1162,0,0
3926,0,0
3418,0,0
3341,0,0
2874,0,0
2862,0,0
2181,0,0
5162,0,0
4189,0,0
579,1,1
4304,0,0
2771,0,0
2224,1,1
4098,0,0
1691,1,1
1867,0,0
4060,1,1
4994,0,0
332,0,0
1926,0,0
2894,0,0
1744,0,0
3383,0,0
3792,0,1
1258,0,0
4319,0,0
1451,0,0
2399,0,0
1116,0,0
1541,0,0
3618,0,0
4252,0,0
1954,0,0
5329,0,0
3045,0,0
4041,0,0
3098,0,0
2372,0,0
445,0,0
2778,0,0
4619,0,0
4165,0,0
1413,0,0
452,0,0
5375,0,0
2885,0,0
4944,0,0
3313,0,0
3652,0,0
14,0,0
4758,0,0
